Spring_Braddock_1	Spring_Braddock_2	Spring_Control_1	Spring_Monongahela_1	Spring_Monongahela_2	Spring_Neville_1	Spring_Sharpsburg_1
0.000	0.406	0.994	0.622	0.302	0.597	0.631
0.406	0.000	0.991	0.523	0.383	0.467	0.596
0.994	0.991	0.000	0.991	0.994	0.988	0.988
0.622	0.523	0.991	0.000	0.542	0.306	0.411
0.302	0.383	0.994	0.542	0.000	0.560	0.614
0.597	0.467	0.988	0.306	0.560	0.000	0.428
0.631	0.596	0.988	0.411	0.614	0.428	0.000